name bandgap energy_pa volume_pa magmom_pa fermi hull_distance delta_e
O,3.0,Pu,2.0, 1.937 -11.172603882 14.962 1.99999992 9.10189411 -0.496022374 -3.6269961036
Mg,2.0,Nd,4.0,Cu,4.0, 0.0 -3.888189712 22.624 0.0 3.80602912 -0.029634856 -0.202532786
Cr,1.0,O,4.0,Sr,2.0, 0.0 -6.71762647429 12.7342857143 0.285713857143 3.02959588 -0.0290469958929 -2.72139677796
I,6.0,Y,2.0, 3.101 -4.19437175875 46.80375 0.0 0.63935253 -1.1310798819 -1.57754387097
Mn,2.0,Sn,4.0, 0.0 -5.66645892167 19.375 0.71577155 9.29668421 -0.0536666342841 -0.0536666342841
Y,4.0,Mg,2.0,Cu,4.0, 0.0 -4.613458506 20.587 0.0 3.89833085 -0.00643286666666 -0.246902206
Al,8.0,Ho,8.0, 0.0 -4.57721731375 23.2075 0.0 4.62430314 -0.0102874145833 -0.415797315417
Zn,4.0,Dy,2.0, 0.0 -2.74407412833 18.6416666667 0.0 3.35275917 -0.0356938108333 -0.383556033889
Ni,9.0,Mg,2.0,Gd,1.0, 0.0 -5.08771299333 12.835 0.138370291667 4.98524976 -0.00156154479167 -0.283055738333
Gd,12.0,Co,4.0, 0.0 -5.40397355312 25.885625 0.0 3.72152841 -0.08847588125 -0.143060284375
Na,4.0,S,4.0, 1.35 -3.5422650525 20.99 0.0 2.47852169 -0.102462270397 -1.00012138663
Y,2.0,Cu,4.0, 0.0 -4.87902256333 17.0783333333 0.0 4.04338267 -0.0331766016667 -0.270386091667
Ni,9.0,Er,3.0, 0.0 -5.73898487083 13.5816666667 0.0 4.73106598 -0.0235005125 -0.438333007083
Ni,4.0,Er,4.0, 0.0 -5.5578432175 19.23375 0.0 3.81611792 -0.0761382872917 -0.50286406
Sm,4.0,Cu,4.0, 0.0 -4.41453747625 21.99375 0.0 3.66482788 -0.10928677925 -0.21752024875
Tm,8.0,Al,8.0, 0.0 -4.51875644812 22.688125 0.0 4.61863047 -0.0151770865625 -0.409105643125
Y,8.0,Al,4.0, 0.0 -5.873844975 26.6283333333 0.0 4.12041496 -0.0183258616667 -0.315637418333
P,4.0,Fe,4.0, 0.0 -7.45974149125 11.09875 0.1900123125 9.80080865 -0.104784999028 -0.736736764038
Ni,4.0,Mg,2.0,Nd,4.0, 0.0 -4.741919422 20.987 0.0 4.20381732 -0.0304141568 -0.309994596
Ni,5.0,Nd,1.0, 0.0 -5.69486901167 13.4183333333 0.21965815 4.69788069 -0.0179380401773 -0.279206646667
Mo,6.0,Si,2.0, 0.0 -9.79659212125 14.87375 0.0 9.39627432 -0.0395749108333 -0.3057817925
Te,2.0,Pd,1.0, 0.0 -4.15136455667 24.6 0.0 7.10762944 None -0.344571362222
Y,2.0,Co,2.0, 0.0 -6.9737781975 19.51 6.71e-05 4.02532885 -0.02214992625 -0.2012837375
S,2.0,Ce,2.0, 0.0 -6.464567575 25.1675 0.0004014 6.00686811 -0.25119606375 -2.16425977579
Ho,2.0,Cu,4.0, 0.0 -4.261240395 16.6916666667 0.0 3.97630696 -0.0449339441667 -0.281664889444
Pr,2.0,Ni,2.0, 0.0 -5.4701913525 22.105 0.0 4.13054693 -0.0680005984091 -0.3101140875
Cu,4.0,Ce,4.0, 0.0 -4.37543489 23.48125 0.0 3.968543 -0.0360919175 -0.146822655
Si,4.0,Mn,4.0, 0.0 -7.6878565075 11.32375 0.50118675 9.73604585 -0.0673550504412 -0.465114879828
Ru,4.0,Si,4.0, 0.343 -7.9523566925 13.30375 0.0 10.00029018 -0.0632668955208 -0.642580905
Re,4.0,Si,4.0, 0.0 -9.206938545 13.81125 0.0 9.65709599 -0.14802203375 -0.28596566
B,4.0,Ti,4.0, 0.0 -8.0397620075 10.605 0.0 4.45392156 -0.0165985689929 -0.830838046388
Si,4.0,Ti,4.0, 0.0 -7.35233447125 14.87625 0.0 6.57499845 -0.0857547441071 -0.769800584722
O,4.0,Li,4.0, 2.443 -4.80314529 7.4425 0.0 2.09755929 -0.0250312316667 -1.63062695929
Nd,4.0,Cu,4.0, 0.0 -4.38715198375 21.97625 0.0 3.9667587 -0.00718983125 -0.16564890375
Cr,2.0,Cl,6.0, 1.53 -4.8497501075 21.6775 0.7500003375 2.06277867 -0.493751577868 -1.3812000586
I,6.0,As,2.0, 2.24 -2.503710945 41.9875 0.0 1.43740012 -0.34031072222 -0.34031072222
Al,6.0,Th,2.0, 0.0 -5.0614987525 21.3325 0.0 7.37670443 -0.0318496883333 -0.3992956475
B,4.0,Co,4.0, 0.0 -7.2954300325 7.7175 0.0 7.56383805 -0.220976617708 -0.416386382917
B,2.0,O,4.0,Li,2.0, 7.699 -6.9889223375 6.91375 0.0 2.53232313 -0.033318832375 -2.61445119574
Ru,2.0,Br,6.0, 0.0 -3.7980266525 24.88375 0.0 2.74856003 -0.530890352531 -0.530890352531
Ni,2.0,Mg,2.0,Tb,2.0, 0.0 -4.23360681333 20.5966666667 0.0 3.99454809 -0.005253835 -0.327668621111
Te,3.0,Bi,2.0, 0.517 -3.741040718 35.624 0.0 5.58106647 None -0.266781454
Zn,12.0,Tb,1.0, 0.0 -1.68901691462 14.7915384615 0.0 3.7533946 -0.00862825480769 -0.188307939487
La,2.0,Cl,6.0, 3.998 -5.020144 26.07125 0.0 2.40528961 -1.82891705074 -2.69613653985
Tb,8.0,Al,8.0, 0.0 -4.60399200437 23.703125 0.0 4.72650408 -0.020957601875 -0.416671596042
Ni,2.0,Mg,3.0,Gd,2.0, 0.0 -3.85349110286 21.3714285714 0.0 3.93876621 -0.02432352 -0.278018432857
Bi,2.0,Se,3.0, 0.416 -4.095835832 29.528 0.0 4.53324513 None -0.423882926
Ni,4.0,Dy,4.0, 0.0 -5.5360248275 19.2075 0.0 4.04804339 -0.053288770625 -0.462085315833
Ni,6.0,N,2.0, 0.0 -6.22543438125 9.85125 0.0 5.50473699 -0.0486192448826 -0.0486192448826
Ni,9.0,Yb,3.0, 0.0 -4.85524565083 13.2533333333 0.000663966666667 3.99417269 -0.0103449525 -0.326976203333
Ge,2.0,Se,4.0, 1.688 -4.11820238167 28.4416666667 0.0 1.31641729 None -0.26566126
I,6.0,Sb,2.0, 2.129 -2.5298397175 45.085 0.0 1.8626368 -0.49982118847 -0.49982118847
Ni,4.0,Mg,2.0,La,4.0, 0.0 -4.829910376 22.038 0.0 7.05265549 -0.020037187 -0.331907612
Pb,1.0,F,4.0, 2.093 -3.928935542 11.95 0.0 0.95126976 -0.240599868252 -2.16016004301
Sb,2.0,F,6.0, 4.682 -4.5867966575 11.615 0.0 4.92129785 -1.94953024188 -2.57967209407
K,4.0,O,4.0, 2.966 -4.05036058875 17.52625 0.0 1.09323627 -0.11988648875 -1.26401585637
Ni,4.0,Si,4.0, 0.0 -5.9946239975 11.8825 0.0 8.63102609 -0.0517629216667 -0.50900271
P,4.0,Mn,4.0, 0.0 -7.80690630375 11.2725 0.0022019375 9.80077405 -0.137528015536 -0.716361131365
Y,2.0,Cl,6.0, 4.356 -5.2442407325 28.06375 0.0 -0.35155739 -1.23778531555 -2.53596987485
Al,8.0,Sm,8.0, 0.0 -4.63444162 24.716875 0.0 4.58729663 -0.01906713625 -0.4050402425
Gd,8.0,Al,8.0, 0.0 -4.6151471475 24.0025 0.0 4.72961532 -0.0228851325 -0.4152249325
Al,8.0,Dy,8.0, 0.0 -4.59012616063 23.454375 0.0 4.69095376 -0.0189061171875 -0.416637373958
Pr,1.0,Ni,5.0, 0.0 -5.692736385 13.8966666667 0.00025085 4.52717395 -0.035867874 -0.275160916667
Y,4.0,Ni,4.0, 0.0 -6.45500441125 19.72375 0.0 4.03387139 -0.09609537475 -0.44954223875
S,2.0,La,2.0, 0.0 -6.6971213075 25.2875 0.0011691 8.84710418 -0.2712339775 -2.32132524079
Pb,2.0,S,2.0,Rh,3.0, 0.0 -5.73162074429 19.56 0.0 7.0666855 -0.0763672223809 -0.493465361883
Th,3.0,N,4.0, 1.669 -9.54513493286 16.6757142857 0.0 6.80095436 -0.189016284286 -1.75788114402
Mn,1.0,Cl,2.0, 1.551 -5.29132071667 21.2433333333 1.66666476667 2.69215836 -0.573685063295 -1.31369148753
Rb,1.0,O,2.0, 0.0 -4.36020825667 17.1433333333 0.0 0.56315068 -0.0455043163889 -1.05566341405
Sn,1.0,Se,2.0, 0.434 -3.98406409 25.6533333333 0.0 4.49890446 None -0.3672342147
Te,2.0,Zr,1.0, 0.0 -5.82137891 30.5633333333 0.0 5.21681129 None -0.878524387222
Cu,1.0,Br,2.0, 0.0 -2.60436061333 23.7433333333 0.0 1.63920533 -0.220714024458 -0.51660642225
Cs,1.0,O,2.0, 0.0 -4.33154472 20.3733333333 0.0 1.24161835 -0.0876346741667 -1.06323606571
Tb,2.0,Co,4.0, 0.0 -6.43233823167 14.4933333333 0.000542866666667 5.12787525 -0.0450550128819 -0.169006236111
Pb,1.0,Mg,2.0, 0.0 -2.31269936333 25.7966666667 0.0 5.35208384 -0.00190285333333 -0.0748412866667
Na,2.0,O,1.0, 2.369 -3.72410481667 13.4033333333 0.0 1.06285384 -0.403030421944 -1.39222731063
Na,2.0,S,1.0, 2.883 -3.31172172667 21.8266666667 0.0 0.65011113 -0.3667675625 -1.19687882164
O,2.0,Pu,1.0, 0.0 -10.2966182933 12.96 1.33333353333 9.21477585 -0.240256766428 -3.26275351943
S,2.0,Pt,1.0, 0.454 -5.10221037 18.61 0.0 5.83188801 -0.157674572196 -0.543343177726
Na,1.0,N,3.0, 3.93 -6.6248126925 12.4175 0.0 1.07432327 -0.258537220064 -0.258537220064
Nb,1.0,B,2.0, 0.0 -8.51173849333 9.33333333333 0.0 8.51174595 -0.0999496035185 -0.695499213889
Cr,1.0,O,2.0,Li,1.0, 3.215 -6.8490152625 8.6125 0.74999925 3.92957821 -0.148358449375 -2.46712324215
Mg,2.0,Se,2.0, 2.724 -3.779721375 26.64 0.0 1.27111272 None -1.273189265
Mo,1.0,F,3.0, 0.0 -6.1274393225 15.3375 0.746108575 3.22728952 -0.042272425 -2.43812840157
Sc,1.0,F,3.0, 6.959 -6.8750569925 14.7975 0.0 -3.05653973 -3.18453516188 -4.32589474157
Ti,1.0,F,3.0, 0.0 -6.5609086725 13.63 0.25000505 2.25760596 -1.38327636969 -3.64808725206
S,2.0,Fe,2.0, 0.0 -6.7141447875 15.5825 0.0 5.4020786 -0.12091184875 -0.659379633295
Ga,2.0,N,2.0, 2.091 -6.1535899775 11.4425 0.0 3.70927907 -0.613318908515 -0.613318908515
Xe,1.0,F,2.0, 1.865 -1.59202217667 16.75 0.0 -2.36555536 None -0.739124622508
Co,9.0,Th,3.0, 0.0 -7.35163113417 14.2058333333 0.140143575 7.45376591 -0.000786376666671 -0.188203510417
I,2.0,Cr,1.0, 0.0 -4.46414265333 32.0266666667 1.3333382 4.76086637 -0.156583946667 -0.406078967529
Zn,2.0,Th,1.0, 0.0 -3.57133371 21.03 0.0 5.14425313 -0.0194796438095 -0.273819413333
Au,2.0,Sn,2.0, 0.0 -3.7896416875 22.3375 0.0 7.31797744 -0.10160073925 -0.230342479549
Fe,1.0,O,2.0,Li,1.0, 1.536 -6.1678925325 8.7325 1.249999275 3.5075165 -0.0913208052083 -1.94549231434
B,2.0,V,2.0, 0.0 -8.64391473 9.03 0.0 7.85802697 -0.0657771829167 -0.835435307917
U,1.0,Al,3.0, 0.0 -5.7533408275 19.3475 0.60690075 8.48233349 -0.000292809374999 -0.12118849875
Co,1.0,Cl,2.0, 0.0 -4.08780527 18.48 1.00011213333 3.40695193 -0.595378892778 -0.756901409315
Fe,1.0,Cl,2.0, 0.0 -4.67478953667 19.1233333333 1.3333347 3.97217134 -0.16055684 -0.942187270981
Ni,9.0,Ca,1.0,Mg,2.0, 0.0 -4.76519064917 12.8166666667 0.0167909916667 4.85192314 -0.00591932812501 -0.186041039583
Zr,1.0,Cl,2.0, 0.974 -5.71059332333 21.4433333333 0.0 5.07502729 -0.0696492408333 -1.89116632598
Ni,10.0,Sb,4.0, 0.0 -5.33359086214 13.2642857143 0.0 8.40377157 -0.00249998964286 -0.195541215
I,2.0,Mn,1.0, 1.091 -4.46043355 32.6633333333 1.6666617 3.74426433 -0.346731655517 -0.564086960748
I,2.0,V,1.0, 0.929 -4.44611743333 32.09 1.0017151 4.72117846 -0.174217496667 -0.576872364196
K,1.0,O,2.0, 0.0 -4.46903868 16.1533333333 0.0 0.29794643 -0.125805232917 -1.11975894127
Na,2.0,In,2.0, 0.0 -2.136568115 22.7975 0.0 5.85338133 -0.05163338375 -0.173046443333
Si,2.0,Th,1.0, 0.0 -6.70890142667 20.4766666667 0.0 8.76919659 -0.126146292917 -0.621441736667
B,2.0,Ta,1.0, 0.0 -9.05189889 9.21 0.0 9.30608723 -0.049467617963 -0.649633607222
I,2.0,Li,2.0, 4.616 -2.93987092 31.1675 0.0 0.42047977 -0.80524933375 -1.33780883565
Co,2.0,O,2.0, 0.894 -6.0305220825 11.71 1.500022675 3.22411464 -0.102342784115 -1.32053647074
Cr,1.0,O,2.0,Na,1.0, 2.784 -6.5597618925 10.0725 0.7500704 3.84808986 -0.221544050447 -2.33028125381
O,2.0,Cu,2.0, 0.0 -4.170898865 9.605 0.0 3.55683118 -0.140547215446 -0.782958509139
Te,1.0,La,1.0, 0.0 -5.63101656 34.36 0.0 8.07101214 None -1.59659221417
Te,2.0,Cu,2.0, 0.0 -3.4708291275 21.2275 0.0 6.12026689 None -0.0598504641667
Tl,2.0,F,2.0, 2.433 -3.76096759 18.105 0.0 3.84199189 -0.531005368125 -1.97277283938
Ge,3.0,U,1.0, 0.0 -6.6118096725 18.26 0.0 7.72052876 -0.13800524375 -0.326695025
N,2.0,La,2.0, 1.292 -7.9508241475 21.3925 0.0 6.69530687 -1.45290763727 -1.45290763727
N,1.0,Li,3.0, 1.422 -3.87529119 10.7425 0.0 0.42347227 -0.360354335 -0.455804298633
Mg,2.0,Te,2.0, 2.489 -3.22278288 34.42 0.0 2.21160849 None -0.880995471667
Sb,2.0,Mn,2.0, 0.0 -6.5890963075 19.035 1.460760625 8.20618075 -0.0201325123276 -0.0201325123276
Pd,2.0,O,2.0, 0.0 -5.4918361475 12.4925 0.0 4.1557211 -0.436235129643 -0.685373986786
Sn,2.0,O,2.0, 0.0 -5.729201685 16.3825 0.0 7.98090998 -0.0535150847746 -1.53717390633
Zn,2.0,O,2.0, 1.052 -4.534682045 11.79 0.0 1.36966139 -0.903459919375 -1.67710721179
Re,1.0,O,3.0, 0.0 -8.3915061125 13.18 0.0 2.42590154 -0.631747397768 -1.93088685768
Na,1.0,Fe,1.0,O,2.0, 1.674 -5.8745425875 10.2225 1.25000095 3.50971272 -0.159678168 -1.80455375101
Te,2.0,Pd,2.0, 0.0 -4.51722268 21.39 0.0 7.45578187 None -0.377684141667
S,2.0,Pt,2.0, 0.424 -5.5047807225 19.0225 0.0 5.18096817 -0.170995525 -0.578502908295
Zr,2.0,Pt,2.0, 0.0 -8.3744737875 18.7675 0.0 6.2181806 -0.19964586875 -1.08723967
Co,1.0,Br,2.0, 0.0 -3.70372337 22.3533333333 1.00008886667 2.61512328 -0.277179912778 -0.482724403916
Si,2.0,Zr,2.0, 0.0 -7.92084687 17.7125 0.0 7.05090963 -0.0932109185417 -0.93540859
Al,2.0,Ti,2.0, 0.0 -6.1582826475 16.1425 0.0 5.51633388 -0.035313462 -0.415496203472
U,1.0,O,3.0, 2.391 -8.6676604575 17.7175 0.0 1.8177446 -0.0380668082142 -3.19071165278
Sb,2.0,Mg,3.0, 0.186 -2.944710322 26.652 0.0 5.08392359 -0.188641377 -0.372402
Ni,3.0,S,2.0, 0.0 -5.363217226 13.106 0.0 6.31649626 -0.0965521733333 -0.505804104636
V,1.0,Cl,2.0, 1.197 -5.31759813667 21.31 0.9999992 4.18765566 -0.0444538322222 -1.36707042765
Sb,2.0,Te,3.0, 0.205 -3.661134908 33.372 0.0 6.16343506 None -0.129408468
Cr,1.0,B,4.0, 0.0 -7.545168986 7.388 0.0 7.75703792 -0.0871302614167 -0.301867154667
K,1.0,O,3.0,Br,1.0, 3.151 -4.081610944 14.664 0.0 1.26968247 -0.11877330975 -0.918752375151
I,1.0,K,1.0,O,3.0, 1.915 -4.400188808 15.84 0.0 3.29829516 -0.21903861675 -1.22874356273
O,2.0,Ag,4.0, 0.0 -3.61870177 18.05 0.0 1.23677544 -0.0342783 -0.283389479524
Al,4.0,Ce,2.0, 0.0 -4.56305499167 22.45 0.0 5.78202973 -0.05446371875 -0.473916361667
Ca,2.0,Al,4.0, 0.0 -3.49188195 21.4466666667 0.0 5.44852313 -0.106844836491 -0.345490015
Al,4.0,La,2.0, 0.0 -4.63916981333 22.5383333333 0.0 8.09639589 -0.0609639375 -0.499705671667
Pr,2.0,Al,4.0, 0.0 -4.578791875 22.0533333333 0.0 5.79091232 -0.0630456883333 -0.490566475
Ca,2.0,Br,4.0, 4.571 -3.80096008333 33.2016666667 0.0 -0.22360593 -0.896444695 -2.29064764392
Ni,5.0,Th,1.0, 0.0 -6.273335975 13.475 0.144723983333 6.32595325 -0.0809165927083 -0.41597499
Na,1.0,O,2.0,N,1.0, 2.355 -5.7046487475 11.2675 0.0 0.9522172 -0.010941849453 -1.13494181708
Ni,2.0,Sb,2.0, 0.0 -5.1222371725 17.19 0.0 8.55161286 -0.086175975625 -0.2903937175
Au,2.0,Se,2.0, 0.0 -3.40821631 21.34 0.0 4.24365829 None -0.06797405
I,2.0,In,2.0, 1.284 -2.5762302725 34.6525 0.0 4.70613123 -0.105192400313 -0.575710663147
H,2.0,Mg,1.0,O,2.0, 5.191 -5.353397912 7.152 0.0 2.11017015 -0.006184792 -1.90953388376
N,2.0,In,2.0, 0.279 -5.4374347375 15.7125 0.0 6.37501397 -0.0698903397652 -0.0698903397652
B,2.0,Fe,2.0, 0.0 -7.869101825 7.9625 0.654350475 8.10897887 -0.142070726458 -0.387510567917
S,1.0,O,2.0,Ce,2.0, 3.162 -7.719895154 19.308 0.0 2.92898924 -0.1486554145 -3.25439820375
Hg,2.0,Cl,2.0, 2.446 -1.602569315 27.915 0.0 0.0403354 -0.110994817831 -0.711515535148
Ni,2.0,Al,3.0, 0.0 -5.091138516 13.622 0.0 7.02482931 -0.053008387 -0.625354816
Be,1.0,S,1.0,O,4.0, 7.529 -6.38836389833 9.915 0.0 1.45386232 None -2.14174995681
Ca,2.0,Cl,4.0, 5.484 -4.29266209 28.065 0.0 -0.26099845 -1.02203037667 -2.67244475598
Gd,2.0,O,2.0,Cl,2.0, 4.957 -6.89190893667 16.9716666667 0.0 2.65917422 -0.116213877361 -3.36333151001
La,2.0,O,2.0,Cl,2.0, 4.152 -7.07598626667 19.1783333333 0.0 4.903013 -0.182831438056 -3.45636721501
Sm,2.0,O,2.0,Cl,2.0, 5.019 -6.88813342333 17.61 0.0 2.50280365 -0.257810328333 -3.33990322168
Co,2.0,F,4.0, 0.0 -5.23254175 10.4033333333 1.00001238333 3.22679252 -0.193990663889 -2.00327072084
Co,3.0,Sn,3.0, 0.0 -5.65942195333 16.705 0.0 8.57175702 -0.0661804995833 -0.164774477883
Cr,2.0,O,4.0, 0.0 -7.35252427667 9.47166666667 0.666669433333 3.97165783 -0.0453822105952 -2.13329721953
Cr,4.0,Ta,2.0, 0.0 -10.4138573933 13.615 0.0 6.91309715 -0.107925246667 -0.12624652
Cu,2.0,F,4.0, 0.0 -3.867431405 10.155 0.0 1.63935282 -0.628364361667 -1.77140515084
O,2.0,Cu,4.0, 0.87 -3.69269162167 12.5883333333 0.0 2.09403835 -0.0961221366015 -0.667154397661
Sr,1.0,Cu,5.0, 0.0 -3.41723643 14.98 0.0 3.80873596 -0.0332188641667 -0.0695551466667
Sm,2.0,O,2.0,F,2.0, 5.021 -7.64056661833 13.4866666667 0.0 1.99844193 -0.0926645025 -4.14315283244
Mg,2.0,F,4.0, 8.126 -5.23880275333 9.62833333333 0.0 0.77487729 -1.54039193167 -3.85557066917
Ni,2.0,F,4.0, 0.594 -4.68800077167 10.0866666667 0.666665716667 2.53126182 -0.328646801667 -1.97008460084
Pd,2.0,F,4.0, 0.0 -3.98362343833 12.505 0.0 2.41609948 -0.041310655 -1.40189060084
Ca,1.0,O,2.0, 3.068 -5.84559269333 11.6633333333 0.0 3.78428576 -0.0569214161904 -2.21271633738
P,4.0,Fe,2.0, 0.401 -6.91075744333 12.5266666667 0.0 8.63669092 -0.0623588833333 -0.708579260384
Cr,4.0,Nb,2.0, 0.0 -9.74247220833 13.7083333333 0.0 6.55419324 -0.0408873383333 -0.0408873383333
S,4.0,Fe,2.0, 0.88 -6.02914913167 13.38 0.0 7.92685806 -0.278370623863 -0.717957046059
Te,4.0,Fe,2.0, 0.0 -5.04269028667 21.0783333333 0.0 8.7059226 None -0.186660495556
Ge,2.0,O,4.0, 2.043 -6.43323386167 9.22 0.0 4.37640408 -0.780440878095 -1.91112084571
Pr,1.0,Mg,1.0, 0.0 -3.278038465 29.97 0.0 3.5107672 -0.0332391016667 -0.11998733
H,4.0,Mg,2.0, 3.8 -2.95208968667 9.70166666667 0.0 0.75177324 -0.19574947389 -0.19574947389
Si,2.0,Hf,4.0, 0.0 -9.18779157667 18.68 0.0 6.03808451 -0.0751049908333 -0.743286018333
Gd,2.0,Co,4.0, 0.0 -6.41729160833 14.615 0.0002578 5.16503081 -0.0334192330782 -0.145558408333
Pr,1.0,Ni,4.0,Mg,1.0, 0.0 -5.065850225 14.3616666667 0.0 4.9850753 -0.0421827843852 -0.3156168
Ni,4.0,Er,2.0, 0.0 -5.703797785 14.4866666667 0.0 4.87121618 -0.0251934652778 -0.485036823333
Zn,1.0,Ce,1.0, 0.0 -3.31606398 25.355 0.0 3.48617568 -0.05763182875 -0.3077791975
O,2.0,Fe,1.0,Cu,1.0, 1.008 -5.675529345 11.0575 1.2500008 3.28362196 -0.062692149375 -1.34541811427
Rb,2.0,O,2.0, 2.128 -3.915585045 20.3575 0.0 1.76873644 -0.0917750125 -1.19634265679
Ca,1.0,Zn,5.0, 0.0 -1.60149823167 16.625 0.0 3.34625762 -0.0194221447222 -0.243443375
Co,5.0,Th,1.0, 0.0 -7.26416905833 13.2166666667 0.972014333333 6.90520405 -0.00295192055555 -0.1284209275
Co,17.0,Sm,2.0, 0.0 -6.90208986579 12.1457894737 1.29730067895 5.43874059 -0.0270691776316 -0.0708596165789
Nd,1.0,Cu,5.0, 0.0 -4.021759455 14.5233333333 0.0 4.30733487 -0.0153393546875 -0.160821881667
Mg,1.0,Ho,1.0, 0.0 -3.13293254 26.84 0.0 3.32756183 -0.0226641039583 -0.0730879466667
Cu,1.0,Er,1.0, 0.0 -4.41023235 19.51 0.0 3.7694832 -0.168523686667 -0.2880880675
Mg,1.0,Tm,1.0, 0.0 -3.06557199 26.48 0.0 3.2523422 -0.01565860125 -0.05749659
Sc,2.0,Al,4.0, 0.0 -5.09258656667 18.095 0.0 6.44786329 -0.0330266483333 -0.50046679
Nd,2.0,Al,4.0, 0.0 -4.58594924333 21.705 0.0 5.74135345 -0.0710761789583 -0.50155005
I,2.0,Fe,1.0, 0.553 -3.70707284333 27.1333333333 3.33333333333e-08 5.87019475 -0.0557532175293 -0.0557532175293
Nd,2.0,O,2.0,Cl,2.0, 4.802 -6.88667111333 18.3016666667 0.0 2.42976588 -0.154237079861 -3.32211701001
H,2.0,O,2.0,Na,2.0, 3.577 -4.50903844167 9.38 0.0 0.46834873 -0.183526191667 -1.47611667536
Si,4.0,Hf,2.0, 0.0 -7.50225436667 16.315 0.0 8.43960626 -0.0203969675 -0.567542585
Mg,2.0,Cu,4.0, 0.0 -3.12000334333 13.6433333333 0.0 4.75738987 -0.0566957558333 -0.152142693333
Al,4.0,Sm,2.0, 0.0 -4.5827061 21.1466666667 0.0 5.69106988 -0.0806518116667 -0.514630808333
Eu,2.0,Al,4.0, 0.0 -3.52291696833 22.1566666667 0.0 4.91281 -0.097422439 -0.416105941667
Br,6.0,Pu,2.0, 0.0 -6.336251935 30.81625 1.252673475 3.48595684 -1.28801917669 -1.78611545128
Gd,2.0,Al,4.0, 0.0 -4.57154225 20.64 0.0 5.81629272 -0.0884130408333 -0.523119733333
I,2.0,Zn,1.0, 1.861 -1.91519143333 34.3666666667 0.0 2.09548969 -0.422756051667 -0.612366622529
C,4.0,Th,2.0, 0.0 -8.87116833 15.4683333333 0.0 7.27816921 None -0.26051154
Si,4.0,Ce,2.0, 0.0 -5.80408156 21.51 0.0 6.67271883 -0.1160791475 -0.595279673333
Sc,2.0,Ni,4.0, 0.0 -6.33343154833 13.21 0.0 5.43045518 -0.0820614 -0.540710805
Se,4.0,Cu,2.0, 0.0 -3.650411725 19.405 0.0 4.29320625 None -0.109665511667
Eu,4.0,P,4.0,Se,12.0, 2.173 -4.556719862 26.1295 0.0 2.48851954 None -1.07622232912
Ni,2.0,Te,2.0,O,12.0,Sr,4.0, 2.605 -5.8352686645 12.0495 0.19998579 4.09579902 None -2.20078013735
Ru,4.0,O,12.0,La,4.0, 0.0 -7.9270974575 12.325 0.19769561 8.44562918 None -2.41757165564
Cr,4.0,Sb,12.0,La,4.0, 0.0 -5.868646712 25.7085 0.490471785 8.08867786 None -0.511576763
Sc,4.0,B,4.0,Fe,2.0,Ir,10.0, 0.0 -8.5719730855 13.491 0.42995426 8.11072607 None -0.726526675667
Na,2.0,Mg,2.0,Te,2.0,O,12.0,La,2.0, 3.0 -6.246985179 11.705 0.0 5.48563649 None -2.47475908964
Pb,4.0,Te,4.0,O,12.0, 2.563 -5.421926608 15.5515 0.0 5.68943576 None -1.38277033381
Y,4.0,Co,4.0,O,12.0, 0.0 -7.468166308 10.0955 0.400014085 4.9883392 None -2.50119220773
S,10.0,Bi,10.0, 0.0 -4.254114584 28.5665 0.0 5.69415711 None -0.355244409795
S,8.0,Au,4.0,Rb,4.0,Cd,4.0, 2.198 -3.3686039425 26.341 0.0 1.84525881 None -0.841945191136
Ca,4.0,K,4.0,F,12.0, 7.883 -5.1231623955 14.378 0.0 -1.7938281 None -3.73176135709
Nb,6.0,Mn,2.0,S,12.0, 0.0 -7.4769844305 17.926 0.41267309 5.60313871 None -1.25250387742
Mn,6.0,Ba,2.0,O,12.0, 0.0 -7.1327435905 11.483 1.099773325 3.78473899 None -2.1375017031
Te,2.0,Ba,4.0,O,12.0,Cu,2.0, 0.0 -5.6306338955 13.6565 0.0 4.12400723 None -2.01663624595
H,12.0,Al,2.0,Na,6.0, 3.533 -2.9556162325 10.059 0.0 0.79740601 None -0.184977007001
Ni,4.0,O,12.0,Dy,4.0, 0.0 -6.6299650785 10.286 0.20009473 3.65804329 None -2.42715292572
Mn,4.0,Nd,4.0,O,12.0, 0.0 -7.944641369 12.1625 0.800000615 4.38321738 None -2.89521470978
Yb,4.0,O,12.0,La,4.0, 0.0 -7.1001394135 14.354 0.19997438 3.46753105 None -3.13471950964
Ni,8.0,Te,4.0,Se,4.0,Ta,4.0, 0.0 -6.386583694 18.172 0.0 6.07581432 None -0.475355074667
Ni,10.0,Ge,4.0,Ga,6.0, 0.0 -4.9848751255 12.9635 0.0 5.29428512 None -0.38482834075
Ca,1.0,Mn,4.0,O,12.0,Cu,3.0, 0.0 -6.19125383 9.2595 0.45004217 4.09942062 None -1.65177131648
Na,2.0,C,4.0,O,12.0,La,2.0, 4.569 -7.529769385 10.779 0.0 3.58619734 None -2.38395804631
Cs,2.0,B,4.0,O,12.0,Ta,2.0, 3.735 -8.1363617935 13.4155 0.0 0.86270046 None -2.84512971181
Na,6.0,Gd,2.0,Br,12.0, 4.433 -3.5272296485 28.5345 0.0 -0.12233996 None -1.90893277652
Si,10.0,Co,6.0,Dy,4.0, 0.0 -6.534873288 14.653 0.0 7.35088505 None -0.777986651333
Cs,2.0,O,13.0,V,5.0, 1.407 -6.921969086 15.2735 0.049999965 1.38044251 None -2.36423441273
Na,4.0,Te,2.0,Sn,2.0,O,12.0, 1.929 -5.374525626 11.1575 0.0 4.53057171 None -1.73236666722
Mg,2.0,Ir,2.0,O,12.0,La,4.0, 0.0 -7.51206306 12.0935 0.100001385 8.06897617 None -2.80238559614
B,4.0,Sm,4.0,O,12.0, 5.436 -8.295961459 11.099 0.0 2.40319615 None -3.33265605031
Na,4.0,Ge,2.0,Te,2.0,O,12.0, 3.243 -5.514828269 11.423 0.0 2.46400711 None -1.80195593631
Ni,4.0,O,12.0,Dy,4.0, 0.546 -6.629906267 10.251 0.199715705 3.74446852 None -2.42709411422
B,6.0,O,12.0,La,2.0, 5.2 -8.2199756385 10.025 0.0 3.95178668 None -3.03882172289
Cs,2.0,Nb,2.0,B,4.0,O,12.0, 3.203 -7.842400533 13.5395 0.0 0.68291435 None -2.72697625231
Pr,4.0,Sr,4.0,O,12.0, 0.0 -6.823611454 16.368 0.200183835 1.34516898 None -2.84719289114
Ca,2.0,Si,4.0,O,12.0,Fe,2.0, 3.139 -7.4733278905 10.7725 0.4000147 5.63033247 None -2.90148003616
B,16.0,Th,4.0, 0.0 -7.446109752 10.788 0.0 8.61299219 None -0.621442616667
Re,6.0,Ge,14.0, 0.0 -6.962042247 16.26 0.0 5.99573701 None -0.005706236
Sc,4.0,C,8.0,B,8.0, 0.0 -8.0861071795 9.2295 0.0 6.19648984 None -0.474039837833
Sb,12.0,Ce,4.0,V,4.0, 0.0 -5.7551302145 25.547 0.14755703 7.05449121 None -0.5415467425
Cr,4.0,S,12.0,Nd,4.0, 0.335 -6.710220461 19.118 0.599972845 5.63651968 None -1.56217931595
P,4.0,K,2.0,Se,12.0,Sb,2.0, 1.854 -4.0612723905 28.9995 0.0 1.98103261 None -0.425202020282
K,4.0,U,3.0,Ba,1.0,O,12.0, 3.113 -7.216953027 16.8405 0.0 2.19921547 None -2.94382722579
Sc,3.0,B,4.0,O,12.0,Ce,1.0, 4.666 -8.512217793 10.751 0.0 2.40582009 None -3.30993286531
Y,4.0,O,12.0,La,4.0, 4.579 -8.706042024 14.9055 0.0 4.26030107 None -3.74252298114
K,12.0,O,4.0,Cl,4.0, 1.311 -3.4110977985 26.3865 0.0 1.22460493 None -1.56631177651
Sr,1.0,K,4.0,U,3.0,O,12.0, 3.287 -7.247211689 16.1625 0.0 2.26680138 None -2.98612132079
Cs,4.0,P,4.0,S,4.0,O,8.0, 4.417 -5.762947268 21.221 0.0 1.49385714 None -2.00504786686
Cr,4.0,S,12.0,Sm,4.0, 0.0 -6.6957423545 18.7175 0.59986677 5.69278285 None -1.55749555045
B,16.0,Nd,4.0, 0.0 -6.8588139005 10.7215 0.0 6.06312365 None -0.564185109167
Y,1.0,B,4.0,Al,3.0,O,12.0, 5.672 -8.004084684 8.743 0.0 4.00710714 None -3.09841174556
Cr,4.0,S,12.0,Ce,4.0, 0.0 -6.7108282695 19.6055 0.59990975 5.57626075 None -1.55994346245
Pb,4.0,Os,4.0,O,12.0, 0.0 -6.931004523 13.629 0.0 6.49862228 None -1.27596795214
Mg,2.0,Ti,2.0,O,12.0,La,4.0, 3.251 -8.1259004685 11.869 0.0 6.02758066 None -3.52705917284
H,12.0,Mg,4.0,Na,4.0, 3.866 -2.8004173405 10.2085 0.0 0.9893319 None -0.221890103335
Mo,4.0,N,4.0,Cl,12.0, 1.653 -5.587870851 24.965 0.0 -0.40589344 None -0.931295198789
Y,2.0,Ir,2.0,Ba,4.0,O,12.0, 0.0 -7.2191087035 14.4225 0.20043065 4.08191433 None -2.61800327814
Cs,4.0,Te,4.0,Se,12.0, 0.853 -3.3689155555 34.986 0.0 2.7374589 None -0.487254616167
Te,12.0,Cl,8.0, 1.397 -2.9059518265 31.708 0.0 3.59916998 None -0.438705835089
Na,4.0,Nb,4.0,O,12.0, 2.328 -7.642403112 11.4935 0.0 1.783729 None -2.68660067848
S,12.0,Ho,8.0, 0.657 -6.3746800325 21.1815 0.0 4.23580785 None -2.24928571279
Au,6.0,Rb,10.0,O,4.0, 1.084 -3.173082203 29.9065 0.0 1.17816265 None -0.833476957214
Sc,4.0,Si,8.0,Fe,8.0, 0.0 -7.4423018185 12.8535 0.199618305 8.11737068 None -0.7010382545
Sb,4.0,Tl,4.0,O,12.0, 2.002 -5.5219273105 16.1335 0.0 4.80048746 None -1.55882948564
Y,4.0,O,12.0,Ti,4.0, 0.0 -8.977908861 11.3135 0.199979875 6.19359227 None -3.45186910153
Ni,6.0,Si,10.0,Tb,4.0, 0.0 -6.105972953 14.9535 0.0 7.50272627 None -0.803773040167
Ni,4.0,Gd,4.0,O,12.0, 0.0 -6.6208436675 10.432 0.20014095 3.83434346 None -2.40745814338
Na,2.0,S,12.0,Yb,2.0,P,4.0, 0.0 -4.5905549365 22.069 0.0 2.62770212 None -0.990587802235
Sc,2.0,Ir,2.0,Ba,4.0,O,12.0, 0.0 -7.219294914 13.3265 0.19994484 4.32539257 None -2.63609815714
Cr,4.0,Se,12.0,Sb,4.0, 0.524 -5.2171058635 23.4305 0.60112879 4.85545486 None -0.4100149415
Ni,4.0,Yb,4.0,O,12.0, 0.0 -5.4349013265 9.3775 0.0 2.48134279 None -1.85757924838
Ni,2.0,Ir,2.0,O,12.0,La,4.0, 0.0 -7.309723504 12.0595 0.10000062 7.74744136 None -2.45556756551
Tb,4.0,Si,10.0,Co,6.0, 0.0 -6.54320784 14.848 0.0 7.36782863 None -0.780788554667
As,8.0,Se,12.0, 1.114 -4.062662114 26.393 0.0 2.76586142 None -0.119831322
Pd,4.0,O,12.0,La,4.0, 0.0 -6.9218508315 12.7855 0.0 6.94073598 None -2.22369682964
Ge,12.0,Os,8.0, 0.0 -7.3241924155 15.7015 0.0 6.94254819 None -0.0662870925
Pr,2.0,B,6.0,O,12.0, 5.899 -8.1728156105 9.812 0.0 2.60767996 None -3.00703331739
Ni,6.0,Si,10.0,Ho,4.0, 0.0 -6.087841701 14.7905 0.0 7.48166912 None -0.796001952167
Y,4.0,Ru,6.0,Ge,10.0, 0.0 -7.0032780985 17.7775 0.0 5.66406797 None -0.6439483
Pr,2.0,Nb,2.0,Ba,4.0,O,12.0, 3.113 -7.776939441 16.0285 0.0 1.94064685 None -3.22042998914
Pb,4.0,H,8.0,O,8.0, 2.383 -4.973036727 11.7485 0.0 2.76168922 None -1.11182123876
Mn,2.0,Zr,2.0,Rb,2.0,F,14.0, 2.207 -6.235375982 13.2565 0.49998639 2.73595754 None -3.4697917191
C,4.0,Ca,2.0,O,12.0,Ba,2.0, 4.627 -7.43101086 12.2875 0.0 2.01722128 None -2.51679309564
Cs,2.0,H,6.0,S,1.0,Te,1.0,O,10.0, 3.027 -5.0783999185 11.334 0.0 1.7387263 None -1.39808272478
Si,10.0,Co,6.0,Dy,4.0, 0.0 -6.5387715675 14.645 0.0 7.44919948 None -0.781884930833
Ni,4.0,Yb,4.0,O,12.0, 0.0 -5.436763266 9.409 0.0 2.45137131 None -1.85944118788
Sr,4.0,Tm,2.0,O,12.0,Ta,2.0, 4.126 -8.1474520245 13.55 0.0 2.03528371 None -3.49327165064
Ge,8.0,Al,8.0,Ba,4.0, 0.0 -4.127331605 24.2845 0.0 4.30085939 None -0.398042087
B,2.0,Ba,3.0,O,12.0,Ti,3.0, 2.221 -7.9603582765 12.6145 0.0 2.05935254 None -3.15794780602
Mg,2.0,F,2.0,Na,1.0,K,1.0,Si,4.0,O,10.0, 5.908 -6.823110518 11.07 0.0 2.28692237 None -3.09806455833
Y,4.0,Ge,10.0,Ir,6.0, 0.0 -6.97780237 18.2465 0.0 5.85035887 None -0.7223092075
Na,4.0,Nb,4.0,O,12.0, 2.613 -7.633354133 11.3395 0.0 1.82655631 None -2.67755169948
Tb,4.0,Si,10.0,Co,6.0, 0.0 -6.5398950745 14.841 0.004219765 7.2906264 None -0.777475789167
Yb,4.0,O,12.0,V,4.0, 0.231 -7.332339297 10.367 0.19992198 4.01296982 None -3.10168887907
Cs,4.0,Cr,4.0,I,12.0, 0.0 -3.8027631975 39.499 0.801642965 3.4553605 None -0.930152242276
Zn,2.0,Rh,2.0,O,12.0,La,4.0, 0.0 -7.0427464205 12.2325 0.09999789 6.68732163 None -2.52278278914
Ru,2.0,Tb,2.0,O,12.0,Sr,4.0, 0.461 -7.104352148 13.5025 0.300189905 3.43901692 None -2.70031445048
Pr,8.0,Se,8.0,O,4.0, 2.205 -6.728893293 23.8575 0.0 3.22637587 None -2.53601459471
Sr,8.0,Ge,4.0,N,8.0, 0.0 -5.586089009 18.551 0.0 3.56903193 None -0.762440925812
Nd,6.0,O,12.0,Ga,2.0, 3.926 -7.724163952 14.4765 0.0 2.21155149 None -3.30914316889
B,4.0,Tb,1.0,Fe,3.0,O,12.0, 2.275 -7.655219956 9.6275 0.750000125 3.01860489 None -2.49271742051
O,12.0,Ho,6.0,Ga,2.0, 3.838 -7.8262315745 12.719 0.0 2.23263926 None -3.46669113039
Si,12.0,Os,8.0, 0.914 -8.166648365 14.2275 0.0 9.26649286 None -0.423415966
Ru,6.0,Ge,10.0,La,4.0, 0.0 -6.713903097 18.8075 0.0 7.06308547 None -0.6619840165
Sc,4.0,Nd,4.0,O,12.0, 4.531 -8.6585235505 12.671 0.0 2.92300074 None -3.76386081364
Ni,4.0,Tm,4.0,O,12.0, 0.571 -6.632578825 9.999 0.20004558 3.57678965 None -2.45530186488
Yb,4.0,O,12.0,V,4.0, 0.925 -7.336561022 10.383 0.200007195 4.02262801 None -3.10591060407
O,12.0,Ga,2.0,Er,6.0, 3.659 -7.835257031 12.544 0.0 2.29661255 None -3.47985152639
Sc,4.0,Sm,4.0,O,12.0, 4.546 -8.674199327 12.433 0.0 2.92850847 None -3.78933093114
Gd,8.0,Se,12.0, 0.401 -5.8414351085 25.048 0.0 3.76736621 None -1.8971914385
Ni,4.0,O,12.0,Er,4.0, 0.573 -6.6370300845 10.0945 0.19998297 3.55933227 None -2.44180207338
Pr,4.0,Sc,4.0,O,12.0, 4.525 -8.646623041 12.8305 0.0 2.98631597 None -3.74966458014
Ca,4.0,S,12.0,Zr,4.0, 1.383 -6.32309344 22.2745 0.0 3.56018618 None -1.92980824695
H,4.0,K,2.0,Co,2.0,O,10.0,P,2.0, 2.82 -5.880798213 10.39 0.299989225 1.85793851 None -1.85025987647
O,10.0,Tl,2.0,Ba,4.0,Cu,2.0,Hg,2.0, 0.0 -4.6900333445 16.9445 0.0 2.74266833 None -1.57781853364
Cs,4.0,S,4.0,O,8.0,F,4.0, 4.333 -5.0939005055 17.5165 0.0 0.82521149 None -2.107363729
Cs,4.0,Pd,4.0,Cl,12.0, 1.347 -3.4237984345 31.0945 0.0 0.33425181 None -1.35162149738
Sc,2.0,K,2.0,Rb,4.0,F,12.0, 7.68 -5.273259887 15.6295 0.0 -2.20156423 None -3.56006041892
Sr,4.0,Ir,2.0,Lu,2.0,O,12.0, 0.0 -7.040674872 13.0715 0.199983435 3.98043989 None -2.68187115414
Ca,1.0,U,3.0,K,4.0,O,12.0, 3.237 -7.274430404 15.627 0.0 2.33414814 None -3.00006423754
Ni,4.0,Tl,4.0,O,12.0, 0.0 -4.628897654 10.4815 0.19821638 5.35217523 None -0.891860885884
Ru,2.0,Ho,2.0,O,12.0,Sr,4.0, 0.0 -7.119654596 13.339 0.30000095 3.40641165 None -2.72079698048
Pd,4.0,Cu,16.0, 0.0 -4.057295925 11.9795 0.0 4.36535526 None -0.085217155
Mn,2.0,Sm,4.0,O,12.0,Ti,2.0, 1.653 -8.4093917165 11.8165 0.499999455 4.48191485 None -3.30167769165
Re,6.0,Tl,2.0,Se,8.0,Cl,4.0, 1.532 -6.3289052285 24.844 0.0 2.9887864 None -0.696980138294
Tl,4.0,Fe,4.0,O,12.0, 0.226 -5.6325512985 11.1665 0.998664985 6.04443782 None -1.27904304969
B,4.0,O,12.0,Ce,4.0, 4.987 -8.2606127125 11.6575 0.0 2.56330523 None -3.28466930081
Pr,4.0,B,16.0, 0.0 -6.8430720905 10.878 0.0 6.10913026 None -0.546147575167
Na,8.0,W,2.0,O,10.0, 3.555 -6.2545905825 11.5525 0.0 1.77809435 None -2.21703909145
Pb,4.0,Sr,4.0,O,12.0, 1.194 -5.770415834 14.464 0.0 3.42477445 None -2.02295734114
Sm,6.0,O,12.0,Ga,2.0, 3.892 -7.7619588585 13.896 0.0 2.10203239 None -3.36162958689
B,16.0,Tm,4.0, 0.0 -6.817158354 9.851 0.0 6.15037685 None -0.580224132667
V,4.0,O,12.0,Cd,4.0, 1.563 -6.151022288 12.8315 0.200308105 2.59035635 None -2.05275784107
Sc,4.0,Tb,4.0,O,12.0, 4.573 -8.693186085 12.0665 0.0 2.90164416 None -3.82515007681
B,16.0,Ho,4.0, 0.0 -6.8517203195 9.9985 0.0 6.1413897 None -0.594078420833
Zr,2.0,B,4.0,Ba,2.0,O,12.0, 4.454 -8.2473687745 12.601 0.0 1.673894 None -3.17979121131
B,16.0,Lu,4.0, 0.0 -6.804586616 9.741 0.0 6.16357654 None -0.557828088667
Sc,4.0,O,12.0,La,4.0, 4.002 -8.7459390895 12.9845 0.0 5.38711283 None -3.81823738364
Y,4.0,O,12.0,La,4.0, 4.578 -8.7057277165 14.914 0.0 4.26183391 None -3.74220867364
B,4.0,Yb,1.0,O,12.0,Al,3.0, 0.0 -7.6262716345 8.692 0.0 3.34526854 None -2.97012348081
Sc,4.0,O,12.0,Dy,4.0, 4.772 -8.6932943635 11.973 0.0 2.87467643 None -3.83079100398
Ru,8.0,Mg,12.0, 0.0 -4.751007679 16.456 0.0 6.35129642 None -0.147790865
Sr,4.0,Mn,2.0,W,2.0,O,12.0, 1.413 -7.8501916725 12.6345 0.49999976 4.15546993 None -2.82672576946
Tb,6.0,O,12.0,Ga,2.0, 3.879 -7.8136331775 13.1065 0.0 2.33384519 None -3.43855248739
H,4.0,C,2.0,Al,2.0,O,10.0,Na,2.0, 5.341 -6.3858650105 8.905 0.0 1.56385772 None -2.05407748612
Gd,6.0,O,12.0,Ga,2.0, 3.806 -7.802763332 13.331 0.0 2.26141179 None -3.42012155789
Mg,2.0,Rh,2.0,O,12.0,La,4.0, 0.0 -7.360667105 11.9865 0.09999411 7.31510345 None -2.81047623414
Re,12.0,Fe,8.0, 0.0 -10.794387252 12.9205 2.715e-06 7.76217728 None -0.029976849
Sr,4.0,Ir,2.0,Tb,2.0,O,12.0, 0.0 -6.996098667 13.541 0.200284015 3.9831153 None -2.62667318148
Ru,8.0,Sn,12.0, 0.0 -6.252825812 19.075 0.0 9.74926563 None -0.229628900459
H,5.0,C,4.0,O,8.0,Na,3.0, 4.335 -6.000114293 9.3515 0.0 0.22686466 None -1.33823191289
H,12.0,K,6.0,Al,2.0, 3.334 -2.940720337 14.7145 0.0 -0.2331464 None -0.218891612501
Gd,14.0,Pd,6.0, 0.0 -5.3407590785 25.931 0.0 4.07829608 None -0.5413317905
H,4.0,C,4.0,Tl,4.0,O,8.0, 2.877 -5.815990078 13.127 0.0 2.69414925 None -1.0567771076
Eu,4.0,Sc,4.0,O,12.0, 0.0 -7.580715387 12.4355 0.19992706 1.82619238 None -3.27260555014
Eu,4.0,C,4.0,O,12.0, 4.329 -7.61645029 10.936 0.0 1.89307769 None -2.72350034014
H,4.0,C,4.0,Tl,4.0,O,8.0, 2.883 -5.8154993675 13.116 0.0 2.64953908 None -1.0562863971
Y,4.0,O,12.0,V,4.0, 1.481 -8.498088237 11.235 0.399999425 5.06760534 None -3.26933868007
H,4.0,C,4.0,Ba,2.0,O,10.0, 3.121 -6.731253541 10.437 0.0 0.9521134 None -1.78670887545
Y,2.0,Sr,4.0,Ir,2.0,O,12.0, 0.0 -7.1878357815 13.7835 0.199951445 3.8337369 None -2.63487208814
Tl,2.0,Mn,2.0,Zr,2.0,F,14.0, 2.235 -6.201903303 13.8575 0.49998388 3.07575093 None -3.3053847896
Ir,2.0,Ba,4.0,O,12.0,La,2.0, 0.0 -7.0109942385 15.4115 0.20000069 4.92676774 None -2.56359417214
Si,8.0,Al,8.0,Ba,4.0, 0.0 -4.349243832 23.6075 0.0 5.23966556 None -0.29640293
Rh,6.0,Er,14.0, 0.0 -6.01859978 24.221 0.0 4.15196233 None -0.6479625025
O,14.0,Cr,4.0,Bi,1.0,Ag,1.0, 1.876 -6.179099363 11.3365 0.0 2.47764606 None -1.36806380529
B,5.0,H,2.0,Cl,1.0,Sr,1.0,Ca,1.0,O,10.0, 6.059 -7.124968547 9.5345 0.0 2.09052357 None -2.62726649715
Ge,10.0,Rh,6.0,La,4.0, 0.0 -6.329137462 19.025 0.0 6.82873783 None -0.8595147965
Na,12.0,Hg,8.0, 0.0 -1.040072379 24.5075 0.0 2.22224944 None -0.15354901253
Nb,6.0,Mn,2.0,O,12.0, 0.0 -8.9275821595 11.6965 0.518513925 6.01129445 None -2.50856257946
Si,4.0,Ir,4.0,Mn,12.0, 0.0 -8.4843146425 12.4845 1.2140085 8.18733349 None -0.217289601293
Pr,2.0,Ir,2.0,Ba,4.0,O,12.0, 0.0 -6.9566541145 15.3035 0.200113435 4.03207171 None -2.52462567064
Eu,4.0,Al,4.0,O,12.0, 0.0 -6.9318075195 10.0435 0.18183755 4.16636337 None -3.13171567664
Mn,4.0,Sm,1.0,O,12.0,Cu,3.0, 0.0 -6.4684119895 9.518 0.49997678 4.40221858 None -1.79067697248
Mn,4.0,Yb,1.0,Cu,3.0,O,12.0, 0.0 -6.2207664935 9.179 0.450031875 3.91262948 None -1.70499525423
O,12.0,Gd,1.0,Cu,3.0,Mn,4.0, 0.0 -6.4707891175 9.4675 0.499918285 4.46597819 None -1.79600201673
Eu,1.0,Mn,4.0,O,12.0,Cu,3.0, 0.0 -6.245375636 9.2905 0.450059725 3.88465964 None -1.71183025873
C,12.0,Sm,8.0, 0.0 -7.627829398 15.0805 0.0 5.0868728 None -0.216649351
C,12.0,Gd,8.0, 0.0 -7.6440657485 14.3735 0.0 5.30902158 None -0.2564690315
Mn,4.0,Tm,1.0,O,12.0,Cu,3.0, 0.0 -6.458724631 9.3815 0.49993462 4.48356971 None -1.79296467123
Y,2.0,Mn,4.0,Ba,2.0,O,12.0, 0.0 -7.527313055 11.384 0.700015755 4.44837716 None -2.59154446028
Sr,4.0,Mo,2.0,Mn,2.0,O,12.0, 0.664 -7.5108130595 12.529 0.499998465 4.42525631 None -2.69861644146
Sc,2.0,Na,2.0,Ge,4.0,O,12.0, 4.158 -6.844607559 11.567 0.0 1.67882215 None -2.48173435181
Cs,4.0,Na,2.0,Fe,2.0,F,12.0, 1.702 -4.8341927855 15.7165 0.500000405 0.44266978 None -2.92646773642
Ta,4.0,Th,4.0,N,12.0, 0.652 -10.2864407175 12.9155 7.675e-06 7.11898385 None -1.59268009622
Ir,2.0,Co,2.0,O,12.0,La,4.0, 0.0 -7.513340786 12.153 0.399433245 7.72830019 None -2.46340840593
Sb,2.0,Ca,4.0,Fe,2.0,O,12.0, 1.957 -6.55221297 11.401 0.500000125 4.61461073 None -2.45877952616
I,10.0,Ni,2.0,Pr,8.0, 0.0 -4.326467858 36.9815 0.0 4.35719952 None -1.19518478765
Sr,4.0,Ir,2.0,O,12.0,Ce,2.0, 0.0 -6.8901393915 14.3585 0.200124195 3.9494997 None -2.50597871064
As,2.0,Ca,4.0,O,12.0,Bi,2.0, 3.427 -6.34123766 13.8895 0.0 3.8440915 None -2.40402354464
Ni,4.0,Tl,4.0,O,12.0, 0.0 -4.629650062 10.446 0.200949945 5.50461707 None -0.892613293884
Y,2.0,Re,2.0,Ba,4.0,O,12.0, 0.0 -7.8418507365 14.5615 0.19996372 4.9601055 None -2.88389367964
Ni,2.0,Ru,2.0,O,12.0,La,4.0, 0.0 -7.415197689 11.972 0.39997696 7.89989383 None -2.52642953851
Cs,4.0,Se,12.0,Ga,4.0, 1.83 -3.663934263 33.213 0.0 1.34810988 None -0.8080827645
Eu,6.0,O,12.0,Ga,2.0, 0.0 -6.1942834825 13.2835 0.07328494 1.74539717 None -2.65909204939
O,12.0,Ga,2.0,Dy,6.0, 3.839 -7.8206091995 12.9155 0.0 2.26152551 None -3.45382748239
Mn,3.0,Ba,4.0,O,12.0,Ce,1.0, 0.0 -6.865327249 14.156 0.412746135 2.2845516 None -2.49780455837
Pr,1.0,Mn,3.0,Ba,4.0,O,12.0, 0.0 -6.8782357175 14.0615 0.412847875 2.29320403 None -2.51085001137
Y,2.0,Mn,4.0,Ba,2.0,O,12.0, 0.0 -7.5238446055 11.443 0.70003661 4.37612758 None -2.58807601078
Y,2.0,Mn,4.0,Ba,2.0,O,12.0, 0.0 -7.531400288 11.4555 0.70002912 4.37350524 None -2.59563169328
Y,2.0,Mn,4.0,Ba,2.0,O,12.0, 0.0 -7.5263203095 11.3715 0.70003306 4.46638882 None -2.59055171478
Gd,12.0,Ga,8.0, 0.0 -4.480520018 25.2635 0.0 3.52149787 None -0.482965111
Y,4.0,Rh,6.0,Sn,10.0, 0.0 -6.190259117 20.708 0.0 8.06037969 None -0.766792603049
Au,8.0,Sn,4.0,Er,8.0, 0.0 -4.7768409455 22.373 0.0 5.8704059 None -0.88572924232
Sr,8.0,Bi,12.0, 0.0 -3.7727316845 33.083 0.0 5.49208808 None -0.7153896045
Ni,8.0,Hf,8.0,Sn,4.0, 0.0 -7.5856253155 16.608 0.0 6.98728863 None -0.60359459232
Rh,4.0,Bi,4.0,O,12.0, 0.438 -6.1457621565 12.031 0.0 7.68458396 None -1.21520432164
Pb,4.0,Tc,4.0,O,12.0, 0.0 -7.0068584615 13.713 0.0002381 6.40159986 None -1.52493244964
Y,4.0,Cr,4.0,O,12.0, 2.429 -8.516346639 10.934 0.60002149 4.22228764 None -3.19686049943
Ir,6.0,Sn,14.0, 0.0 -5.7129888575 20.82 0.0 9.93203835 None -0.322201358369
Sb,2.0,Ho,2.0,O,12.0,Sr,4.0, 4.176 -6.8701862395 13.705 0.0 2.96410647 None -2.97905574698
Sb,2.0,Ba,4.0,O,12.0,La,2.0, 4.187 -6.85541526 15.8375 0.0 3.98214144 None -2.88113010464
Y,4.0,Ni,4.0,O,12.0, 0.608 -6.9711093795 10.26 0.199955 3.88746041 None -2.39568816238
Y,4.0,Ni,2.0,Mn,2.0,O,12.0, 2.157 -7.736655261 10.6345 0.500046635 3.68353484 None -2.75400647933
Sb,4.0,S,8.0,Mn,4.0,Cl,4.0, 0.834 -5.218656561 21.6595 0.999993645 5.49824504 None -0.770220419861
Cs,2.0,Au,4.0,F,14.0, 1.413 -3.3599790455 14.539 0.0 -0.01687769 None -1.71997949763
H,4.0,K,2.0,C,2.0,O,10.0,Al,2.0, 5.655 -6.37448725 9.506 0.0 1.23698348 None -2.05896989262
Si,10.0,Ir,6.0,Lu,4.0, 0.0 -7.2078156625 16.412 0.0 7.96920537 None -0.936203221
Pr,1.0,Mn,4.0,O,12.0,Cu,3.0, 0.0 -6.458731206 9.6065 0.500011305 4.38093394 None -1.77797367273
H,12.0,K,2.0,Al,2.0,Na,4.0, 1.762 -2.7710223065 12.537 0.0 1.35067928 None -0.0166532480012
W,2.0,Sr,4.0,Fe,2.0,O,12.0, 1.24 -7.6530818595 12.2335 0.400011305 4.51197109 None -2.72860778066
Mn,4.0,O,12.0,Cu,3.0,Dy,1.0, 0.0 -6.467150409 9.423 0.499936515 4.48939339 None -1.79500665107
Mn,4.0,Ho,1.0,O,12.0,Cu,3.0, 0.0 -6.465250096 9.413 0.499980975 4.47068938 None -1.7943132169
Tb,4.0,Si,10.0,Rh,6.0, 0.0 -6.8024503475 16.5305 0.0 7.60363702 None -0.988054149667
Eu,4.0,Mn,4.0,O,12.0, 0.248 -7.0860089535 10.472 0.600002505 3.1840967 None -2.62313519428
Pr,4.0,H,8.0,Sn,4.0,Ni,4.0, 0.0 -4.7599885295 14.119 0.0 5.8904856 None -0.568826796654
H,8.0,Ni,4.0,Sn,4.0,La,4.0, 0.0 -4.8305528545 14.4415 0.0 7.86995742 None -0.608647876654
H,8.0,Sn,4.0,Ce,4.0,Ni,4.0, 0.0 -4.758958316 14.3665 0.0 5.82907308 None -0.567248645154
Na,6.0,In,2.0,Cl,12.0, 4.058 -3.29785065 24.0915 0.0 -0.18825707 None -1.77940130788
Ni,8.0,Ti,8.0,In,4.0, 0.0 -6.280160066 14.7085 0.0 5.82735968 None -0.432209938777
Tb,5.0,Se,2.0,O,10.0,Cl,3.0, 3.694 -6.830744405 15.499 0.0 2.33924296 None -2.87036173134
Y,6.0,O,12.0,Ga,2.0, 4.019 -8.3432672665 12.979 0.0 2.46329834 None -3.41757195289
Na,2.0,S,12.0,Sb,2.0,P,4.0, 2.295 -4.5148141465 22.281 0.0 3.48437763 None -0.650521186235
H,8.0,Nd,4.0,Sn,4.0,Ni,4.0, 0.0 -4.757815111 14.111 0.0 5.76740207 None -0.568949102154
Sb,12.0,Sm,4.0,V,4.0, 0.0 -5.7327838575 24.4875 0.11950613 7.23534014 None -0.5318383885
Mg,4.0,Se,4.0,O,12.0, 3.928 -5.5660666545 10.675 0.0 4.53644408 None -1.87836395964
Sb,12.0,V,4.0,Dy,4.0, 0.0 -5.680730019 23.801 0.10532798 7.4363765 None -0.502149586333
Cr,4.0,Yb,4.0,Sb,12.0, 0.0 -5.025218036 24.457 0.45165913 6.45947041 None -0.358836508
Bi,4.0,O,12.0,In,4.0, 2.759 -5.6742706325 13.533 0.0 6.99478986 None -1.66108150964
Ni,4.0,Sr,8.0,N,8.0, 0.0 -5.641570482 18.0325 0.39823591 3.02948736 None -0.631865393812
Ni,4.0,Lu,4.0,O,12.0, 0.737 -6.6468862575 9.85 0.20002413 3.54362555 None -2.45978499138
Ni,4.0,Bi,4.0,O,12.0, 0.667 -5.351651543 11.2015 0.40000257 6.57059134 None -1.27441140088
H,4.0,Si,2.0,Zn,4.0,O,10.0, 3.568 -5.655415107 11.0875 0.0 0.24354845 None -1.95467361495
Sn,8.0,Ga,4.0,V,8.0, 0.0 -5.90269666 17.783 0.0 8.16106266 None -0.160979001139
Pr,2.0,Ru,2.0,Ba,4.0,O,12.0, 0.0 -7.0551302065 15.275 0.300143205 3.51504909 None -2.58848955064
Ni,2.0,Mn,2.0,Bi,4.0,O,12.0, 0.783 -6.027296645 11.286 0.500095305 6.98797931 None -1.54282893833
Sr,4.0,Te,2.0,Co,2.0,O,12.0, 1.988 -6.0534772825 12.281 0.299999735 4.55617064 None -2.22321231377
Mn,4.0,Tb,2.0,Ba,2.0,O,12.0, 0.0 -7.361777297 11.459 0.70005332 4.36417271 None -2.60954691011
Sb,2.0,Sr,4.0,O,12.0,In,2.0, 2.394 -6.1475877145 13.1955 0.0 4.18096046 None -2.44751871364
Y,2.0,Sb,2.0,O,12.0,Sr,4.0, 4.348 -7.037410335 13.802 0.0 3.02914683 None -2.95756155264
As,2.0,Bi,2.0,O,12.0,Cd,4.0, 2.139 -5.2374652695 13.6055 0.0 3.38935264 None -1.52748222214
Mn,3.0,Nd,1.0,Ba,4.0,O,12.0, 0.0 -6.8890007355 13.9915 0.412815615 2.27969611 None -2.52218896037
Mn,4.0,Sm,4.0,O,12.0, 0.0 -7.948204931 11.527 0.800000575 4.69596363 None -2.90857261278
Gd,4.0,Mn,4.0,O,12.0, 0.236 -7.9692645845 11.3005 0.80010939 4.73636395 None -2.94142393128
O,12.0,Bi,4.0,Ga,4.0, 2.038 -5.9015174065 13.2965 0.0 4.95258475 None -1.81923761514
Nd,4.0,Mn,2.0,Co,2.0,O,12.0, 1.286 -7.5534868735 11.255 0.599988915 4.61231716 None -2.71551133725
Bi,4.0,O,12.0,In,4.0, 2.752 -5.673823306 13.5255 0.0 7.03423062 None -1.66063418314
Ni,4.0,Zn,2.0,La,14.0, 0.0 -4.9148759485 28.7045 0.0 7.64572961 None -0.2323287135
Sr,4.0,Se,4.0,O,12.0, 3.877 -5.8647145695 14.2565 0.0 2.23244222 None -2.14890361664
I,12.0,Sr,1.0,Os,1.0,La,6.0, 0.0 -4.443965747 43.841 0.100003155 4.78103281 None -1.51998365678
Mn,4.0,Yb,4.0,O,12.0, 0.816 -7.004772432 10.009 0.60014372 2.74697767 None -2.61299522478
Y,4.0,Ni,4.0,Al,12.0, 0.0 -5.2565949515 17.4355 0.0 6.0840044 None -0.6071562105
Eu,4.0,Zr,4.0,O,12.0, 4.081 -8.483066965 13.0545 0.0 1.97838914 None -3.72286803514
I,12.0,Pb,4.0,Rb,4.0, 2.52 -2.8517748535 42.725 0.0 1.95972858 None -1.13275957128
Ca,1.0,O,12.0,Cu,3.0,Sn,4.0, 0.0 -5.594124578 11.149 0.0 6.4036527 None -1.68472744367
Sr,1.0,O,12.0,Cu,3.0,Sn,4.0, 0.0 -5.5810914765 11.2885 0.0 6.24254379 None -1.68497014042
Sr,4.0,Co,2.0,U,2.0,O,12.0, 2.395 -7.2691360495 13.402 0.30000025 4.39598884 None -2.90476673498
Re,2.0,Ca,4.0,Fe,2.0,O,12.0, 0.0 -7.3824361605 11.224 0.300029095 5.6204344 None -2.45903617416
W,2.0,Ca,4.0,Mg,2.0,O,12.0, 3.436 -7.565612931 11.227 0.0 3.14762298 None -3.04074987414
Pb,4.0,S,12.0,Sn,4.0, 1.043 -4.453618143 24.3735 0.0 5.11404823 None -0.651603490773
Zr,9.0,Pt,11.0, 0.0 -8.161081963 18.098 0.0 6.54475523 None -0.99972028925
Mn,4.0,Tm,4.0,O,12.0, 0.552 -7.969906168 10.836 0.80030189 4.58563948 None -2.97817407878
K,2.0,B,4.0,O,12.0,Ta,2.0, 3.945 -8.147560584 12.301 0.0 0.65240629 None -2.83203717698
Mn,4.0,Tb,2.0,Ba,2.0,O,12.0, 0.0 -7.35364982 11.44 0.700047115 4.3777724 None -2.60141943311
K,2.0,Nd,4.0,Nb,2.0,O,12.0, 3.731 -7.9739463825 14.629 0.0 1.80353078 None -3.21730013931
Mn,2.0,Co,2.0,O,12.0,La,4.0, 1.098 -7.6339101625 11.44 0.59998133 7.51023617 None -2.76289565725
Zn,2.0,Bi,4.0,O,12.0,Ti,2.0, 1.858 -6.4089807235 12.8415 0.0 4.95754464 None -2.03113702434
Pb,6.0,S,2.0,O,12.0, 2.785 -5.789479062 15.133 0.0 5.08020396 None -1.6332757333
Mn,4.0,O,12.0,Er,4.0, 0.413 -7.9773970905 10.9345 0.800095955 4.58974355 None -2.96771395028
Pr,1.0,Mn,7.0,O,12.0, 0.0 -7.597392832 10.268 1.39999364 5.20625358 None -2.20284503751
Mo,4.0,B,16.0, 0.0 -7.2402669905 7.9935 0.0 9.67173125 None 0.271113086833
H,12.0,P,2.0,O,4.0,N,2.0, 4.979 -5.1597761045 7.1525 0.0 0.97362399 None -0.923840462726
Ni,10.0,C,6.0,Ce,4.0, 0.0 -6.7592394045 13.9475 0.0 4.97321203 None -0.267849093
Ca,2.0,Mn,2.0,Si,4.0,O,12.0, 3.358 -7.668758452 11.0665 0.500000435 5.07791966 None -2.99791877346
Ru,6.0,Al,4.0,La,10.0, 0.0 -6.429227875 24.769 0.0 8.21957876 None -0.4579800875
Ru,6.0,Al,4.0,Ce,10.0, 0.0 -6.229820024 25.125 0.0 4.95030911 None -0.334060504
H,12.0,Ca,4.0,K,4.0, 3.395 -3.0265634805 16.964 0.0 -1.19156577 None -0.399365126335
Sn,4.0,O,12.0,Cd,4.0, 1.304 -5.338415331 12.0455 0.0 4.45588468 None -1.70910947396
Pr,10.0,Ru,6.0,Al,4.0, 0.0 -6.260947615 24.6045 0.0 4.92515429 None -0.36655794
Sn,12.0,Ti,8.0, 0.0 -5.8110489465 20.485 0.0 7.78093876 None -0.369645555736
I,16.0,Hf,4.0, 2.265 -4.089923193 50.5285 0.0 0.36289041 None -1.03167351904
Ta,2.0,Ba,4.0,O,12.0,La,2.0, 3.776 -8.1112124665 15.8095 0.0 3.12633116 None -3.36352359114
Sc,2.0,Na,6.0,Cl,12.0, 4.156 -4.0482092885 22.1945 0.0 0.253334 None -2.16788883338
C,12.0,Os,8.0, 0.372 -8.80176208 9.9395 0.0 8.70040466 None 1.212347709
K,2.0,Nb,2.0,O,12.0,La,4.0, 3.931 -8.0713224975 15.174 0.0 3.69991493 None -3.28163728531
Bi,8.0,Cu,6.0,La,6.0, 0.386 -4.8797486085 25.1215 0.0 7.89813375 None -0.707810547
Yb,4.0,Al,4.0,O,12.0, 0.0 -6.7974804525 9.637 0.0 3.84203558 None -3.06848516164
Ni,2.0,Mn,2.0,Nd,4.0,O,12.0, 1.861 -7.3428535155 11.13 0.499911 3.94811849 None -2.70065442083
Pr,1.0,Mn,7.0,O,12.0, 0.0 -7.597685625 10.275 1.40000288 5.19109441 None -2.20313783051
Mn,4.0,O,12.0,Cu,3.0,Ce,1.0, 0.0 -6.450186173 9.6505 0.500009655 4.3463984 None -1.76929165523
S,8.0,Tb,8.0,O,4.0, 2.62 -7.1257951355 19.4545 0.0 3.65626897 None -2.84945972718
Be,4.0,K,4.0,H,12.0, 3.09 -3.0967175265 14.7605 0.0 -2.36338356 None -0.108177346335
H,16.0,Ge,4.0, 5.534 -3.4949752955 10.5925 0.0 -2.74978276 None 0.118931944832
C,8.0,Zn,2.0,Pt,2.0,N,8.0, 4.012 -7.612692938 18.133 0.0 -2.06397645 None 0.0253582176879
Be,4.0,Rb,4.0,H,12.0, 3.177 -3.0651074885 16.593 0.0 -2.30434986 None -0.103408246001
Pr,4.0,Rh,4.0,O,12.0, 0.756 -7.428118158 12.1655 0.0 5.33119629 None -2.33753321114
Na,2.0,Mn,2.0,Tb,2.0,W,2.0,O,12.0, 2.061 -8.0351524765 11.5705 0.50024496 3.86808064 None -2.75930338546
H,2.0,S,4.0,N,2.0,O,8.0,F,4.0, 6.412 -5.328413521 10.3135 0.0 0.90946824 None -1.36963593654
Tb,4.0,Rh,4.0,O,12.0, 0.861 -7.501264272 11.318 0.0 5.25151455 None -2.43960177781
Rh,4.0,Nd,4.0,O,12.0, 0.783 -7.4467893985 11.999 0.0 5.30177305 None -2.35850017564
Sc,4.0,Bi,4.0,O,12.0, 2.793 -7.3747964 13.083 0.0 5.30432141 None -2.63786505114
S,8.0,Cl,4.0,Bi,4.0,Cd,4.0, 2.124 -3.6342714245 23.4905 0.0 3.66390727 None -0.85624707643
Na,2.0,Mn,2.0,W,2.0,O,12.0,La,2.0, 2.058 -8.059645465 12.104 0.499999145 5.20845409 None -2.75396352513
Y,2.0,Sr,4.0,Nb,2.0,O,12.0, 3.463 -8.006711872 13.8735 0.0 1.97844738 None -3.32926717064
Ni,2.0,Mn,2.0,Tb,4.0,O,12.0, 2.118 -7.389184662 10.665 0.500008195 3.61087878 None -2.773612296
Sb,8.0,Rh,6.0,U,6.0, 0.0 -7.74834243 22.057 0.336245245 9.57166596 None -0.5376018515
H,12.0,Cu,2.0,Br,2.0,N,4.0, 2.311 -4.618026972 9.9115 0.0 1.5257648 None -0.489149236745
Tl,8.0,Pt,12.0, 0.0 -4.6459909055 18.786 0.0 7.96421919 None -0.1198140855
Yb,4.0,Co,4.0,O,12.0, 0.0 -6.0883058555 9.5365 0.40160232 3.13637494 None -2.11943089423
Rh,4.0,O,12.0,La,4.0, 0.652 -7.530777297 12.3445 0.0 7.66055682 None -2.40944910514
Na,2.0,Mn,2.0,Nd,2.0,W,2.0,O,12.0, 2.04 -8.0160005595 11.9075 0.499955215 4.00917662 None -2.72683810413
Cs,4.0,Eu,4.0,Br,12.0, 4.786 -3.6184092795 38.788 0.0 -0.98023202 None -2.30678429352
Se,8.0,Bi,4.0,Br,4.0,Cd,4.0, 1.654 -3.266076176 27.1765 0.0 3.00053468 None -0.662324911675
Ni,2.0,Mn,2.0,Bi,4.0,O,12.0, 1.053 -6.0193352805 11.3245 0.500295085 6.64703321 None -1.53486757383
Ca,4.0,B,16.0, 0.0 -6.138442935 10.4045 0.0 5.30792248 None -0.406618498667
Tm,4.0,Co,4.0,O,12.0, 0.0 -7.1235180445 9.7955 0.400001515 4.76200925 None -2.55468820123
Ni,2.0,C,8.0,Zn,2.0,N,8.0, 3.287 -7.4818035395 16.761 0.0 -1.5335812 None 0.108029105188
Mn,4.0,Lu,1.0,O,12.0,Cu,3.0, 0.0 -6.4563060195 9.371 0.4999136 4.47230781 None -1.78808998323
Si,10.0,Rh,6.0,Ce,4.0, 0.0 -6.786947034 17.547 0.0 7.24593345 None -0.9430804455
H,10.0,Se,2.0,O,6.0,N,2.0, 4.425 -5.027265568 7.663 0.0 1.29731813 None -0.849125685942
Co,4.0,O,12.0,Er,4.0, 0.0 -7.128885983 9.8925 0.40001272 4.81565226 None -2.54210508873
Na,2.0,Ta,2.0,O,12.0,La,4.0, 4.145 -8.3476357815 13.3585 0.0 4.6757372 None -3.36587260131
B,16.0,Ta,4.0, 0.0 -7.641309825 8.2585 0.0 8.96859185 None 0.0711286063333
Sr,4.0,U,2.0,O,12.0,Cd,2.0, 3.068 -6.8704523725 14.723 0.0 2.99896391 None -2.91934778269
Pt,6.0,Ga,14.0, 0.0 -4.4741994235 17.173 0.0 4.7667563 None -0.55706780775
Sb,2.0,O,4.0,Br,2.0,F,12.0, 1.889 -3.9844850135 11.6645 0.0 1.29971513 None -1.76636125881
Eu,4.0,B,4.0,O,12.0, 0.391 -7.230911195 10.0045 0.10000144 2.60259683 None -2.84436434531
Sr,4.0,Nb,2.0,O,12.0,In,2.0, 3.739 -7.147044225 13.277 0.0 2.96561527 None -2.84937930514
H,8.0,Ca,4.0,B,8.0, 0.0 -4.501419152 9.768 0.0 3.45463727 None -0.0953243116675
B,4.0,Nd,1.0,O,12.0,Ga,3.0, 5.197 -7.3376123055 9.5465 0.0 2.70159361 None -2.62702696143
B,16.0,Tc,4.0, 0.0 -7.0461444785 7.8835 0.09200014 9.33280199 None 0.367044283833
Ni,2.0,Mn,2.0,Sm,4.0,O,12.0, 1.969 -7.361061862 10.939 0.49988981 3.67802191 None -2.72865710833
B,16.0,Os,4.0, 0.0 -6.9303432135 7.9305 0.0 9.15708022 None 0.655956107833
C,8.0,Zn,2.0,Pd,2.0,N,8.0, 4.16 -7.434064732 18.0925 0.0 -2.22740633 None 0.114912912688
Eu,4.0,Rh,4.0,O,12.0, 0.0 -6.6416506335 11.3825 0.18268836 3.99800532 None -2.13991431064
Nb,8.0,N,12.0, 0.0 -9.8643054785 10.1095 0.0 7.23663505 None -0.986004765218
H,12.0,C,4.0,Se,2.0,O,2.0, 3.62 -4.8843976825 8.6635 0.0 0.67121562 None -0.229836286858
S,12.0,Ce,4.0,Dy,4.0, 1.001 -6.4282533825 23.256 0.0 3.9905451 None -2.25820099279
Ni,8.0,Zr,8.0,In,4.0, 0.0 -6.697180214 17.099 0.0 6.10878251 None -0.526906572
Ca,4.0,Mn,4.0,O,12.0, 0.768 -6.909562577 10.2395 0.60001697 3.59929178 None -2.42294027278
Ni,11.0,Zr,9.0, 0.0 -7.2867653045 15.759 0.0 4.88571171 None -0.39060544125
Ca,4.0,Te,2.0,Co,2.0,O,12.0, 2.198 -6.145284574 11.442 0.29995021 4.94817773 None -2.26191641227
Ca,2.0,Te,4.0,O,10.0,Cu,1.0,Cl,2.0, 0.0 -5.18101658105 14.2594736842 0.0 5.44950451 None -1.68488920904
Sc,4.0,S,12.0,Gd,4.0, 1.945 -6.673956507 21.474 0.0 4.02586774 None -2.19154205795
I,4.0,H,12.0,C,4.0, 3.403 -4.271972247 15.144 0.0 0.43316261 None -0.14515756576
Sb,2.0,Mn,4.0,Fe,2.0,O,12.0, 1.168 -6.980758853 10.628 1.50000077 5.48200866 None -1.8651247818
P,6.0,Pd,14.0, 0.0 -5.717365879 14.783 0.0 6.83920383 None -0.572766151673
S,4.0,Br,4.0,Ag,12.0, 0.336 -2.972321251 22.1165 0.0 2.25142009 None -0.290015149993
Ni,4.0,Te,4.0,O,12.0, 2.473 -5.1989142865 11.045 0.399799185 6.66257024 None -1.28815252305
Sb,4.0,S,8.0,Cl,4.0,Cd,4.0, 1.785 -3.5923860065 23.0495 0.0 3.69973094 None -0.78562807043
Re,2.0,Zn,2.0,O,12.0,Sr,4.0, 0.0 -6.7984135445 12.189 0.099999855 4.85424128 None -2.41105820564
K,3.0,B,2.0,O,12.0,Ta,3.0, 3.005 -8.213667759 12.8815 0.0 1.05642092 None -2.91846720473
Sc,7.0,B,1.0,Cl,12.0, 0.0 -5.4951420045 22.2205 0.0 4.49668667 None -2.08763078417
H,4.0,C,4.0,Rb,4.0,O,8.0, 4.225 -5.9365552565 13.545 0.0 -0.35028461 None -1.4392107871
Cr,2.0,Mo,2.0,O,14.0,V,2.0, 1.749 -7.727820709 11.0155 0.30005348 2.66247053 None -2.21449706361
O,12.0,Ca,2.0,Ge,4.0,Cu,2.0, 0.0 -6.0093570275 11.215 0.0 3.64069628 None -1.97615321511
P,4.0,Tl,2.0,Se,12.0,In,2.0, 1.48 -3.9610430605 27.9935 0.0 2.76396529 None -0.352514946615
Ca,4.0,O,12.0,V,4.0, 0.0 -7.249904584 10.611 0.19997141 4.8794134 None -2.92440906907
Lu,4.0,Co,4.0,O,12.0, 0.0 -7.137880537 9.656 0.400000345 4.73981502 None -2.55922638773
Cu,11.0,In,9.0, 0.0 -3.2664094855 16.5055 0.0 7.35292345 None -0.0419884525
Sb,2.0,K,3.0,N,2.0,O,6.0,F,7.0, 2.648 -5.1896052645 12.2855 0.0 1.78386064 None -2.00756527459
Na,8.0,Te,2.0,O,10.0, 2.504 -4.820435561 11.464 0.0 2.96385162 None -1.76463388129
I,12.0,Gd,7.0,Co,1.0, 0.0 -4.1289094265 38.898 0.0 4.02622736 None -1.34530015553
Rh,4.0,Sm,4.0,O,12.0, 0.839 -7.4708299895 11.7175 0.0 5.16778379 None -2.39233510764
Y,2.0,Sr,4.0,O,12.0,Ta,2.0, 4.162 -8.3039755655 13.8085 0.0 2.0113851 None -3.45072306314
H,12.0,C,4.0,Te,4.0, 1.331 -4.543424771 13.7595 0.0 2.00631224 None -0.0551970401679
Gd,1.0,B,4.0,Fe,3.0,O,12.0, 2.292 -7.65539294 9.6425 0.750000245 2.95382923 None -2.49163022384
Sr,4.0,Mg,2.0,U,2.0,O,12.0, 3.747 -7.262502316 13.443 0.0 3.67582348 None -3.23838791769
Sc,7.0,N,1.0,Cl,12.0, 0.0 -5.6753757795 21.763 0.0 4.60120267 None -2.19833512511
Tc,4.0,O,12.0,Cd,4.0, 0.0 -6.344180996 11.201 0.321310755 5.34858342 None -1.42562606114
V,2.0,Mn,2.0,O,12.0,La,4.0, 0.934 -8.115732525 12.1845 0.600000015 7.51350129 None -3.11383029142
Cr,4.0,Bi,4.0,O,12.0, 1.568 -6.813580063 11.622 0.60004605 7.22680221 None -1.99227499843
Sr,2.0,K,4.0,In,14.0, 0.0 -2.5503676375 30.4245 0.0 4.98858596 None -0.295816962833
Cu,4.0,Ag,4.0,F,12.0, 0.0 -3.6504908055 11.126 0.0 1.84624207 None -1.57905394676
Cs,4.0,H,4.0,C,4.0,O,8.0, 4.516 -5.914050324 15.4275 0.0 0.27090561 None -1.4384475676
Na,2.0,Os,2.0,O,12.0,La,4.0, 0.577 -7.591247336 12.9865 0.29999955 6.8694811 None -2.67255371081
Na,2.0,Ru,2.0,O,12.0,La,4.0, 0.523 -7.362789768 12.8535 0.300000475 6.2617366 None -2.64670318481
P,4.0,S,12.0,Ag,2.0,V,2.0, 0.0 -5.099395191 20.424 0.199731875 4.18457948 None -0.602397178069
S,8.0,Fe,4.0,Cu,8.0, 0.0 -4.907433819 14.5125 0.47720573 5.4776578 None -0.248456639636
Be,2.0,B,4.0,O,10.0,Na,4.0, 5.76 -6.798434809 9.4495 0.0 1.30791869 None -2.59776815629
Ru,3.0,Tb,1.0,Ba,4.0,O,12.0, 0.0 -7.046172539 14.253 0.143263265 4.15787307 None -2.36572231581
Sr,2.0,Se,4.0,O,12.0,Cu,2.0, 0.0 -5.320069371 13.996 0.0 2.77568265 None -1.54246668211
U,4.0,S,12.0,Rh,4.0, 0.0 -7.210958776 18.0945 0.384529695 8.56521852 None -1.20733411195
Re,4.0,B,16.0, 0.0 -7.262958183 7.9115 0.0 9.3372849 None 0.562605893333
C,14.0,Ir,6.0, 0.0 -7.440465319 9.2095 0.0 9.24916046 None 1.6608876745
Mn,7.0,O,12.0,La,1.0, 0.0 -7.6233655295 10.3135 1.399998745 5.87614369 None -2.22113192376
Ca,4.0,Se,4.0,O,12.0, 4.327 -5.9244346365 13.183 0.0 2.74816039 None -2.15552049064
Mn,7.0,Bi,1.0,O,12.0, 0.0 -7.258708619 10.2855 1.40001408 5.8127388 None -1.90416760251
Na,2.0,Nd,4.0,Os,2.0,O,12.0, 0.659 -7.4929182065 12.61 0.300006205 4.59973529 None -2.60726355031
P,4.0,Se,12.0,Bi,2.0,Cu,2.0, 0.623 -4.10612002 25.329 0.0 3.83317508 None -0.226104933115
Sb,4.0,Ba,4.0,Se,8.0,F,4.0, 1.088 -4.676703358 26.1595 0.0 2.88051796 None -1.81946727975
Zn,2.0,Ti,2.0,O,12.0,La,4.0, 2.861 -7.8055669235 12.1135 0.0 5.72596323 None -3.23695286734
Sb,4.0,Mn,4.0,Se,8.0,Br,4.0, 0.65 -4.8072637715 25.359 0.999974485 4.43447168 None -0.533100714106
Mn,7.0,Bi,1.0,O,12.0, 0.0 -7.258414022 10.281 1.40001173 5.82165964 None -1.90387300551
Nb,4.0,O,12.0,Cu,4.0, 1.558 -7.32106531 12.3445 0.0 2.43889986 None -2.15716496108
F,14.0,Zr,2.0,Rb,2.0,Cd,2.0, 6.231 -5.35856234 14.088 0.0 -1.16211283 None -3.41381717963
Sb,2.0,Sm,2.0,O,12.0,Sr,4.0, 4.032 -6.821662135 14.2005 0.0 2.9600495 None -2.91693536664
Sb,2.0,Sr,4.0,O,12.0,La,2.0, 3.954 -6.829097075 14.664 0.0 4.07467719 None -2.90295365164
Ca,1.0,Pt,4.0,O,12.0,Cu,3.0, 0.598 -5.3776203905 10.482 0.15001797 4.77089468 None -1.04430248135
P,4.0,S,12.0,Bi,2.0,Tl,2.0, 2.006 -4.5374513815 24.2485 0.0 3.87570318 None -0.586281600569
Si,4.0,Br,16.0, 4.022 -3.2107204135 36.3195 0.0 -1.23756525 None -1.0926937112
Tl,8.0,Ba,4.0,Hg,8.0, 0.0 -1.697334387 27.54 0.0 4.98944495 None -0.27318038653
Ca,2.0,Co,2.0,Si,4.0,O,12.0, 2.922 -7.3027493715 10.6155 0.29991595 5.00318854 None -2.84336081593
Sc,4.0,Bi,4.0,O,12.0, 2.575 -7.3743690635 13.0795 0.0 5.3082012 None -2.63743771464
Au,8.0,Ba,4.0,In,8.0, 0.0 -3.310049071 25.0525 0.0 5.69791956 None -0.574746791
Mn,6.0,Te,2.0,O,12.0, 0.931 -6.9802778755 11.8315 1.49999767 4.9717362 None -1.86325796343
O,12.0,Se,4.0,Cu,2.0,Ba,2.0, 0.0 -5.344585596 15.0385 0.0 2.66639176 None -1.54291204111
V,4.0,O,4.0,F,12.0, 3.449 -5.623334377 10.0385 0.0 -0.23546756 None -2.69533749289
Cs,1.0,Cr,1.0,N,2.0,O,8.0,H,8.0, 2.157 -5.118133463 8.615 0.050055955 2.07294478 None -0.797794806788
Pd,6.0,Ga,14.0, 0.0 -4.1100235995 16.9305 0.0 4.21251364 None -0.46011251675
H,8.0,Rb,4.0,O,4.0,F,4.0, 6.32 -4.548961764 11.442 0.0 -1.58559634 None -1.8551727488
K,3.0,B,6.0,O,10.0,Cl,1.0, 5.838 -7.08779194 12.0285 0.0 0.56812738 None -2.60946860011
Tl,2.0,F,14.0,Zr,2.0,Cd,2.0, 4.917 -5.283843421 14.192 0.0 0.60469562 None -3.20816401013